000000010010100010000000
011000010100000000000001
001000001100100110000000
110101000001000000000110
000000010001000000000000
000000100001000000000000
010000000110010001000100
100110000000000000111010
001011000001000001000101
101101010000100100010000
000000000011000101000110
100000000000000110100000
010000000000000000000010
100010000000000000001000
000000010000100000010000
000000000101011010000000
011110100000000000010000
000000100000001000001000
000010010000000001000000
000000001001000000000001
100000000000000000000000
000000000000001000010001
101000000011000000000010
000000010100000001000000
010001000100100000000101
010000100000110101000100
010000100000000000001000
000000001010100000000000
000000000001000000000110
010100000000000010100000
000000000010000010000000
000100000110000000001010
011000001110100000110000
100000011100000010011100
001100010000000101001000
000100010000111000010101
010010010010010010000000
101100001100001000100000
010001000011000100000000
100000100000000000000000
000001000000000010001010
000011010000100100100000
000000000100000000000010
001000000000100000010000
101100010000110000000000
000000000010010011000100
000100000010100001001010
000010000100100100100100
000001010001101001000000
001000000001000000000000
000000000000000001000000
000000000000000000100100
100000010001100000000100
100000100010010000000101
000001010001000000100010
000000011000010000000000
001001000000010010001000
010001000101001001000000
000001111000000000010101
010000000000010101000000
000000100001000000000100
100010000000011010100000
010101000110000000001000
100001000000000000100001
100000000000000010001000
010010000000000000100001
000000001110100100101100
000000000000001000011001
000000110000000000101010
100000000000001000000000
000001000000000000000000
110100001000000000100000
010000010001100010000001
100000100000110001100100
110000001100111100111011
000100000000000001011000
000000000010101000001000
001000001000000010000000
000000000000000000000100
010010011100000000000110
